0.966814 0.889730
9.573542 0.351475
0.502551 0.989250
2.650442 0.205925
0.445803 0.087379
1.027224 0.000000
0.933016 0.972616
5.792970 0.228970
5.121976 0.638259
4.002213 0.490206
5.479988 0.014973
4.028103 0.097561
7.034784 0.488526
6.237372 0.135257
0.168535 0.149661
2.484463 0.000000
8.027867 0.224728
0.155468 0.186040
2.419339 0.408627
4.257004 0.393628
7.274657 0.388994
1.026517 1.025503
3.895703 0.000000
3.252406 0.000000
0.540188 3.705798
0.740465 0.172974
6.440222 0.162625
0.379001 0.046058
3.376628 0.355895
8.828507 0.391888
4.913611 0.124935
0.788805 0.681065
0.673770 0.317134
1.022714 1.108340
7.858649 0.136135
1.512601 0.337607
4.898086 0.177816
1.119535 0.539423
2.720631 0.000000
1.975493 0.240429
1.346299 0.103476
2.773980 0.922254
1.666997 0.244073
12.214591 1.054418
4.498414 0.380396
6.207649 0.014973
1.234728 1.793141
3.728684 0.673475
0.259489 0.539044
0.860183 0.679418
0.888493 0.231316
7.447776 0.207098
0.478799 1.004636
0.457263 0.000000
16.016983 0.470761
7.463492 0.251699
8.160023 0.339288
1.068641 0.319186
0.434776 0.073237
0.172590 0.205474
9.706265 0.556500
9.901322 0.221694
1.267875 0.936058
0.933740 1.045436
8.367281 0.127057
3.282098 0.000000
7.122375 0.144039
11.352851 0.507528
10.488824 0.365813
10.216131 0.393989
9.632850 0.203316
2.150146 0.368067
0.494720 0.109887
1.066583 1.085455
9.670166 0.158827
2.291273 0.533673
0.989362 1.327091
8.206732 0.000000
0.226037 0.154162
4.202531 0.481026
1.512315 1.238582
0.806746 0.945941
0.045750 0.794077
15.599143 0.538779
6.721210 0.481689
0.803687 0.919676
1.877146 0.028777
1.117311 0.561205
3.552922 0.000000
23.069977 0.344372
2.845826 0.000000
2.382673 0.000000
3.399544 0.129658
8.166313 0.097561
3.499488 0.040884
0.045350 0.186908
1.192273 0.000000
3.186684 0.408204
0.924827 1.496996
1.024459 1.121316
2.085953 0.143601
2.843026 0.861760
9.096215 0.677710
0.090219 0.060818
3.212212 0.282335
15.707283 0.520499
3.234190 1.049207
1.194256 0.685590
3.694561 0.166019
1.193560 0.212049
0.577860 0.542231
3.249479 0.118165
13.732751 0.243880
3.038403 0.265081
0.602301 1.165070
14.550645 0.603985
7.507803 0.052278
6.651851 0.280538
8.547172 0.133097
0.137822 0.693608
3.285880 0.060643
3.508046 0.000000
1.087637 1.621931
0.273130 0.453277
3.292143 0.342920
0.430507 0.726394
7.963882 0.448424
0.124350 0.055498
6.814438 0.351334
5.325420 0.076011
8.399550 0.212648
5.792956 0.095647
14.753786 0.075287
2.815629 0.035097
3.186958 0.285597
7.048928 0.273559
1.812151 0.337164
0.611455 0.957275
0.966504 0.690254
11.901918 0.610324
1.957126 0.000000
0.359873 1.036036
0.615241 0.348023
0.376230 0.110954
7.226877 0.148480
3.878404 0.269602
11.065101 0.171367
0.565438 0.100393
8.551358 0.000000
4.665318 0.000000
4.141002 0.513746
4.957661 0.000000
4.202766 0.007371
11.421056 0.231751
6.853469 0.158827
12.249859 0.319985
12.870045 0.516900
7.075102 0.680437
3.368690 0.059405
7.075824 0.655007
2.432976 0.470051
12.113677 0.354280
5.430608 0.060643
1.816626 0.364238
11.755755 0.151384
7.760002 0.230557
0.346872 1.051333
12.019662 0.157303
3.540989 0.000000
3.550489 0.000000
1.027910 0.433585
6.500445 0.326465
11.796769 0.716883
6.672564 0.423710
1.133974 1.858025
0.156346 2.394498
3.795260 0.000000
10.552688 0.186494
13.103837 0.531389
7.145212 0.383763
2.390309 0.013186
2.453722 0.943712
3.343583 0.216405
9.331981 0.031312
9.569702 0.133097
11.648900 0.643130
7.944954 0.085988
5.047132 0.000000
10.268957 0.186494
0.062981 0.035502
1.268441 0.320579
4.039217 0.000000
0.598909 0.542730
0.851399 1.011135
2.479591 0.000000
3.133560 0.368047
4.228366 0.017454
1.693797 0.000000
2.465617 0.048496
11.994381 0.333027
0.538882 1.271455
0.663969 0.475405
1.072758 1.085455
0.664222 1.339633
2.437538 0.434474
14.960952 0.120256
1.992202 0.154127
0.181035 0.091271
7.285718 0.103673
12.381495 0.517963
11.955456 0.309340
2.574148 0.974143
0.506952 0.554579
0.945062 0.645392
5.559073 0.000000
19.074706 0.242948
10.255575 0.672790
1.919666 0.028777
10.571786 0.309340
2.213176 0.000000
8.282597 0.598676
11.436738 0.426637
1.775911 0.172871
7.301144 0.576342
7.413675 0.193208
7.874960 0.435781
10.278767 0.171367
0.182931 2.244238
2.490418 0.201640
0.252435 0.370305
18.433276 0.301771
0.297771 0.494924
0.418317 0.690954
2.341370 1.071588
8.522781 0.360646
8.461313 0.026154
5.450171 0.380823
8.419783 1.221830
6.167758 0.318876
0.310322 0.565949
6.933237 0.650523
6.748378 0.059037
0.061475 0.413336
1.369943 0.219156
0.126179 0.711492
0.517698 1.057237
3.958632 0.216539
0.366588 0.363077
8.815577 0.230268
14.672423 0.538779
2.826523 0.930365
0.799917 0.216008
14.810737 0.373128
0.392982 0.650971
0.210616 1.161910
2.332637 0.000000
0.135193 0.688721
15.215541 0.193107
1.555100 0.410958
16.516413 0.518982
17.221116 0.178625
1.141553 0.464974
14.465660 0.253369
2.935885 1.000895
5.064124 0.059615
7.889459 0.494541
3.750841 0.000000
7.503233 0.189827
3.808814 0.000000
5.023330 0.000000
0.832890 0.907021
19.941064 0.578322
0.118953 1.216682
7.894725 0.243413
8.438924 0.646580
0.634665 0.937855
3.523123 0.316385
1.608344 0.655092
0.089523 0.208544
0.415003 0.785767
5.468404 0.310443
3.356205 0.040884
3.589582 0.338933
9.904654 0.189953
0.387941 0.710603
0.919567 0.342663
0.826051 0.655301
9.333899 0.489442
3.094399 0.320632
3.220346 0.588165
1.228410 0.539927
5.384090 0.184723
7.475071 0.523535
8.669738 0.386927
5.985313 0.000000
2.389504 0.000000
8.855318 0.136135
0.645667 0.475789
5.528644 0.368726
0.340095 1.053522
2.449742 0.130542
0.697621 0.207189
16.909834 0.255227
7.180392 0.485616
0.786032 0.243338
14.035858 0.324730
9.684525 0.445854
2.688074 0.000000
0.852098 1.904323
4.288848 0.492167
5.295966 0.299904
3.051037 0.464173
3.232609 0.000000
3.337613 0.440357
0.503417 0.853152
6.916472 0.106517
10.514405 0.219345
2.452620 0.687691
8.568540 0.348012
1.173954 1.530505
5.995166 0.000000
9.265016 0.179202
4.087519 0.000000
6.275044 0.096433
3.961670 0.162625
7.404497 0.096403
0.097632 0.249680
3.153882 0.040884
7.410110 0.112407
1.257837 0.178923
11.211825 0.695233
1.040778 0.916464
1.029601 0.000000
9.777296 0.568782
18.885683 0.301771
12.395040 0.319822
0.838026 0.945219
0.402507 1.535026
0.386317 0.863305
0.773569 0.603826
1.246813 1.509931
12.909237 0.463401
6.475946 0.342898
4.333171 0.000000
1.159331 0.000000
8.764678 0.572558
9.275909 0.120220
7.025604 0.241518
4.749146 0.248129
0.272604 0.373903
2.784198 0.000000
2.192611 0.337164
14.266193 0.000000
3.429739 1.033900
5.871453 0.000000
0.324415 0.538285
2.190350 0.853773
1.097407 1.396734
2.988093 0.240429
1.667961 0.337164
0.347435 0.551122
0.958573 1.370785
11.241802 0.437755
3.579358 0.000000
2.684110 0.000000
0.713644 0.473731
2.303436 0.419818
0.688340 0.899472
17.566549 0.338933
6.449400 0.375648
8.943487 0.046058
4.077763 0.125327
4.536358 0.000000
4.131058 0.492167
3.207492 0.240429
0.281160 0.334043
1.033043 0.442206
0.199990 0.561973
3.321730 0.000000
8.814620 0.318708
3.275483 0.517519
9.139779 0.342066
1.497737 0.337607
0.591483 0.936263
1.385034 0.385432
0.434702 0.457785
10.148219 0.098276
9.024683 0.221000
10.526978 0.360665
19.366231 0.395802
5.578093 0.162625
0.124766 0.451668
1.650106 0.037161
8.810800 0.194491
12.607535 0.438853
2.103150 0.282608
9.622129 0.536507
15.956085 0.208604
2.645754 0.000000
10.103982 0.216008
1.973132 0.337164
1.685857 0.072345
12.793488 0.236712
1.266051 0.096403
0.042663 0.745868
3.706737 0.302575
4.392023 0.000000
2.963127 0.048496
7.293437 0.205644
0.306075 0.239811
9.136063 0.717888
2.542366 0.586750
2.531958 0.577642
9.905175 0.186494
0.456875 0.773877
4.000825 0.000000
0.739454 0.234889
2.964112 0.000000
0.307470 0.344681
4.265959 0.000000
1.818428 0.540231
4.396149 0.000000
4.480249 0.113949
0.388878 0.765751
6.553585 0.499303
0.167500 0.025856
0.150987 1.515359
1.793094 0.323617
8.519934 0.094691
0.542000 0.457466
7.513926 0.428078
10.164802 0.298175
0.518258 0.000000
7.981535 0.224728
0.741995 0.500566
0.505335 0.862785
0.178155 0.626432
3.482308 0.501794
2.728232 0.000000
17.822204 0.101423
0.801233 0.302968
9.533803 0.366712
0.404948 0.535004
2.279607 0.013186
4.306300 0.244147
7.559911 0.454828
7.973753 0.685398
0.608501 0.589294
0.100760 0.026154
4.263161 0.017454
11.428268 0.382362
1.249828 0.096403
2.892693 0.716883
0.280202 0.123627
7.157661 0.096403
0.117833 0.310372
0.367985 0.203177
5.681615 0.125327
0.348763 0.433435
11.275019 0.308971
13.202121 0.291258
11.856877 0.857558
1.290050 0.250867
0.319184 0.030672
13.061122 0.465163
0.651392 0.563592
0.457374 1.487326
4.043560 0.629736
15.042870 0.456787
1.042138 0.000000
0.184875 0.127319
1.940453 0.055498
1.929989 0.000000
4.844372 0.060643
7.148890 0.000000
2.336012 0.048496
8.702699 0.222335
9.996438 0.436982
0.415963 0.076674
0.460652 0.121651
2.765942 0.000000
1.926251 0.050773
2.979614 0.000000
11.635989 0.486467
2.749152 0.410147
7.108443 0.583237
0.294409 1.582344
2.958494 0.800300
3.503702 0.000000
9.368631 0.332329
1.219398 0.000000
3.215075 0.026501
8.395747 0.151642
0.869451 0.811179
0.881874 0.800555
3.065598 0.314642
9.394170 0.068418
8.523999 0.946200
9.383217 0.749527
9.838425 0.412084
